 RS 0.11318 0.00229804 0.0176202 2.73057 1.01645e-06 
 RS 0.11318 0.00229804 0.0176202 2.73057 1.01645e-06 
 RS 0.11318 0.00229804 0.0176202 2.73057 1.01645e-06 
 RS 0.11318 0.00229804 0.0176202 2.73057 1.01645e-06 
 RS 0.11318 0.00229804 0.0176202 2.73057 1.01645e-06 
 RS 0.11318 0.00229804 0.0176202 2.73057 1.01645e-06 
 RS 0.11318 0.00229804 0.0176202 2.73057 1.01645e-06 
 RS 0.11318 0.00229804 0.0176202 2.73057 1.01645e-06 
 RS 0.11318 0.00229804 0.0176202 2.73057 1.01645e-06 
 RS 0.11318 0.00229804 0.0176202 2.73057 1.01645e-06 
 RS 0.11318 0.00229804 0.0176202 2.73057 1.01645e-06 
 RS 0.11318 0.00229804 0.0176202 2.73057 1.01645e-06 
 RS 0.11318 0.00229804 0.0176202 2.73057 1.01645e-06 
 RS 0.11318 0.00229804 0.0176202 2.73057 1.01645e-06 
 RS 0.11318 0.00229804 0.0176202 2.73057 1.01645e-06 
 RS 0.11318 0.00229804 0.0176202 2.73057 1.01645e-06 
 RS 0.11318 0.00229804 0.0176202 2.73057 1.01645e-06 
 RS 0.11318 0.00229804 0.0176202 2.73057 1.01645e-06 
 RS 0.11318 0.00229804 0.0176202 2.73057 1.01645e-06 
 RS 0.11318 0.00229804 0.0176202 2.73057 1.01645e-06 
 RS 0.11318 0.00229804 0.0176202 2.73057 1.01645e-06 
 RS 0.11318 0.00229804 0.0176202 2.73057 1.01645e-06 
 RS 0.11318 0.00229804 0.0176202 2.73057 1.01645e-06 
 RS 0.11318 0.00229804 0.0176202 2.73057 1.01645e-06 
 RS 0.11318 0.00229804 0.0176202 2.73057 1.01645e-06 
 RS 0.11318 0.00229804 0.0176202 2.73057 1.01645e-06 
 RS 0.11318 0.00229804 0.0176202 2.73057 1.01645e-06 
 RS 0.11318 0.00229804 0.0176202 2.73057 1.01645e-06 
 RS 0.11318 0.00229804 0.0176202 2.73057 1.01645e-06 
 RS 0.11318 0.00229804 0.0176202 2.73057 1.01645e-06 
 RS 0.11318 0.00229804 0.0176202 2.73057 1.01645e-06 
 RS 0.11318 0.00229804 0.0176202 2.73057 1.01645e-06 
 RS 0.11318 0.00229804 0.0176202 2.73057 1.01645e-06 
 RS 0.13 0.032 0.0172 0 0.001 
 RS 0.11318 0.00229804 0.0176202 2.73057 1.01645e-06 
 RS 0.11318 0.00229804 0.0176202 2.73057 1.01645e-06 
 RS 0.11318 0.00229804 0.0176202 2.73057 1.01645e-06 
 RS 0.11318 0.00229804 0.0176202 2.73057 1.01645e-06 
 RS 0.11318 0.00229804 0.0176202 2.73057 1.01645e-06 
 RS 0.11318 0.00229804 0.0176202 2.73057 1.01645e-06 
 RS 0.13 0.032 0.0172 0 0.001 
 RS 0.11318 0.00229804 0.0176202 2.73057 1.01645e-06 
 RS 0.11318 0.00229804 0.0176202 2.73057 1.01645e-06 
 RS 0.11318 0.00229804 0.0176202 2.73057 1.01645e-06 
 RS 0.11318 0.00229804 0.0176202 2.73057 1.01645e-06 
 RS 0.11318 0.00229804 0.0176202 2.73057 1.01645e-06 
 RS 0.11318 0.00229804 0.0176202 2.73057 1.01645e-06 
 RS 0.11318 0.00229804 0.0176202 2.73057 1.01645e-06 
 RS 0.11318 0.00229804 0.0176202 2.73057 1.01645e-06 
 RS 0.11318 0.00229804 0.0176202 2.73057 1.01645e-06 
 RS 0.11318 0.00229804 0.0176202 2.73057 1.01645e-06 
 RS 0.11318 0.00229804 0.0176202 2.73057 1.01645e-06 
 RS -0.00257142 0.492143 -0.000356718 364.661 0.000175756 
 RS 0.113181 -0.00229806 0.0176202 364.014 1.01567e-06 
 RS 0.113181 0.00229806 0.0176203 360.872 1.01581e-06 
 RS 0.113237 0.00228326 0.0175157 354.636 8.84566e-07 
 RS 0.113178 0.00224595 0.0173551 373.543 1.05863e-06 
 RS 0.113239 0.00256492 0.0170492 361.183 1.08247e-06 
 RS 0.113255 -0.00255778 0.0170661 364.313 1.05439e-06 
 RS 0.113255 -0.00255778 0.0170661 364.313 1.05439e-06 
 RS 0.113239 0.00256492 0.0170492 361.183 1.08247e-06 
 RS 0.113245 -0.00256294 0.0170586 345.469 1.07261e-06 
 RS 0.113238 0.00257051 0.0170678 361.171 1.08727e-06 
 RS 0.112843 0.00271775 0.0169218 355.066 1.44264e-06 
 RS 0.112872 -0.00143271 0.0112116 366.756 1.5915e-06 
 RS 0.113159 -0.0027473 0.0168667 389.707 1.13748e-06 
 RS 0.113107 -0.00276878 0.0168288 389.738 1.20695e-06 
 RS 0.113107 -0.00276878 0.0168288 389.738 1.20695e-06 
 RS 0.113181 0.00229806 0.0176203 360.872 1.01581e-06 
 RS 0.112943 -0.00250778 0.0175379 357.758 1.60132e-06 
 RS 0.112943 -0.00250778 0.0175379 357.758 1.60132e-06 
 RS 0.113181 0.00229806 0.0176203 360.872 1.01581e-06 
 RS 0.112943 -0.00250778 0.0175379 357.758 1.60132e-06 
 RS 0.11282 -0.00243766 0.0173803 357.839 1.86511e-06 
 RS 0.112964 -0.00256999 0.0173609 345.284 1.59617e-06 
 RS 0.113238 0.00257051 0.0170678 361.171 1.08727e-06 
 RS 0.113239 0.00256492 0.0170492 361.183 1.08247e-06 
 RS 0.113255 -0.00255778 0.0170661 364.313 1.05439e-06 
 RS 0.113255 -0.00255778 0.0170661 364.313 1.05439e-06 
 RS 0.113255 -0.00255778 0.0170661 364.313 1.05439e-06 
 RS 0.113255 -0.00255778 0.0170661 364.313 1.05439e-06 
 RS 0.113255 -0.00255778 0.0170661 364.313 1.05439e-06 
 RS 0.113255 -0.00255778 0.0170661 364.313 1.05439e-06 
 RS 0.113255 -0.00255778 0.0170661 364.313 1.05439e-06 
 RS 0.113255 -0.00255778 0.0170661 364.313 1.05439e-06 
